single <- c(66.9,63.9,71.4,61.7,67.2,62.4,64.7,64.2,66.2,67.3,70.3,74.4,67.2,66.9,61.9,66.7,64.4,64.7,69,72.1,61.8,68.4,68.2,71.9,64.9,65.6,71.6,65.6,67.7,71.1,68.5,68.9,66.1,64.4,64.7,62.1,69.8,70.6,67.2,69,72.6,64.8)
gen_single <- c(96.1,96.9,96.4,95.9,96)
double <- c(31.0,32.8,26.2,36.1,29.3,35.9,33.1,33.8,32,27.7,23.4,30.8,31.1,36.3,31.2,32.9,33.1,28.6,25.3,35.7,29.4,29.8,25.7,33.3,32.7,25.7,31.2,30.2,26.7,24.4,29.2,28.3,31.6,33.2,33.2,36.1,27.5,26.6,30.7,27.9,24.9,32.4)
gen_double <- c(1.8,1.4,1.7,2.1,2)
